errorMacro:[  3.46528444e+03   2.24044444e+03   1.46178778e+03   6.93444444e+02
   1.97871111e+02   3.73777778e+00   1.36111111e+00   1.11111111e-01
   4.41000000e+00   9.40444444e+00   8.02777778e+00   4.18177778e+01
   6.08400000e+01   1.08576400e+02]
errorMacro:[  3.46528444e+03   2.24044444e+03   1.46178778e+03   6.93444444e+02
   1.97871111e+02   3.73777778e+00   1.36111111e+00   1.11111111e-01
   4.41000000e+00   9.40444444e+00   8.02777778e+00   4.18177778e+01
   6.08400000e+01   1.08576400e+02]
errorMacro:[  3.46528444e+03   2.24044444e+03   1.46178778e+03   6.93444444e+02
   1.97871111e+02   3.73777778e+00   1.36111111e+00   1.11111111e-01
   4.41000000e+00   9.40444444e+00   8.02777778e+00   4.18177778e+01
   6.08400000e+01   1.08576400e+02]
errorMacro:[  3.46528444e+03   2.24044444e+03   1.46178778e+03   6.93444444e+02
   1.97871111e+02   3.73777778e+00   1.36111111e+00   1.11111111e-01
   4.41000000e+00   9.40444444e+00   8.02777778e+00   4.18177778e+01
   6.08400000e+01   1.08576400e+02]
errorMacro:[  3.55216000e+03   2.29760444e+03   1.50027111e+03   7.05787778e+02
   1.98810000e+02   3.73777778e+00   1.36111111e+00   1.11111111e-01
   4.41000000e+00   9.40444444e+00   8.02777778e+00   4.18177778e+01
   6.08400000e+01   1.08576400e+02]
errorMacro:[  3.46921000e+03   2.24044444e+03   1.46178778e+03   6.93444444e+02
   1.97871111e+02   3.73777778e+00   1.36111111e+00   1.11111111e-01
   4.41000000e+00   9.40444444e+00   8.02777778e+00   4.18177778e+01
   6.08400000e+01   1.08576400e+02]
errorMacro:[  3.46528444e+03   2.24044444e+03   1.46178778e+03   6.93444444e+02
   1.97871111e+02   3.73777778e+00   1.36111111e+00   1.11111111e-01
   4.41000000e+00   9.40444444e+00   8.02777778e+00   4.18177778e+01
   6.08400000e+01   1.08576400e+02]
errorMacro:[  8.66321111e+02   4.55111111e+02   2.60284444e+02   1.30721111e+02
   6.08400000e+01   1.36111111e+00   1.36111111e+00   1.11111111e-01
   4.41000000e+00   9.40444444e+00   8.02777778e+00   4.18177778e+01
   6.08400000e+01   1.08576400e+02]
errorMacro:[  8.68284444e+02   4.55111111e+02   2.60284444e+02   1.30721111e+02
   6.08400000e+01   1.36111111e+00   1.36111111e+00   1.11111111e-01
   4.41000000e+00   9.40444444e+00   8.02777778e+00   4.18177778e+01
   6.08400000e+01   1.08576400e+02]
errorMacro:[  9.06010000e+02   4.81071111e+02   2.77777778e+02   1.40817778e+02
   6.56100000e+01   1.60444444e+00   1.36111111e+00   1.11111111e-01
   4.41000000e+00   9.40444444e+00   8.02777778e+00   4.18177778e+01
   6.08400000e+01   1.08576400e+02]
errorMacro:[  8.70250000e+02   4.55111111e+02   2.60284444e+02   1.30721111e+02
   6.08400000e+01   1.36111111e+00   1.36111111e+00   1.11111111e-01
   4.41000000e+00   9.40444444e+00   8.02777778e+00   4.18177778e+01
   6.08400000e+01   1.08576400e+02]
errorMacro:[  8.66321111e+02   4.55111111e+02   2.60284444e+02   1.30721111e+02
   6.08400000e+01   1.36111111e+00   1.36111111e+00   1.11111111e-01
   4.41000000e+00   9.40444444e+00   8.02777778e+00   4.18177778e+01
   6.08400000e+01   1.08576400e+02]
errorMacro:[ 58.86666667  47.33333333  38.23333333  26.33333333  14.06666667
   1.93333333  -1.16666667   0.33333333  -2.1         -3.06666667
   2.83333333   6.46666667   7.8         10.42      ]
errorMacro:[ 58.86666667  47.33333333  38.23333333  26.33333333  14.06666667
   1.93333333  -1.16666667   0.33333333  -2.1         -3.06666667
   2.83333333   6.46666667   7.8         10.42      ]
errorMacro:[ 58.86666667  47.33333333  38.23333333  26.33333333  14.06666667
   1.93333333  -1.16666667   0.33333333  -2.1         -3.06666667
   2.83333333   6.46666667   7.8         10.42      ]
errorMacro:[ 58.86666667  47.33333333  38.23333333  26.33333333  14.06666667
   1.93333333  -1.16666667   0.33333333  -2.1         -3.06666667
   2.83333333   6.46666667   7.8         10.42      ]
errorMacro:[ 59.6         47.93333333  38.73333333  26.56666667  14.1          1.93333333
  -1.16666667   0.33333333  -2.1         -3.06666667   2.83333333
   6.46666667   7.8         10.42      ]
errorMacro:[ 58.9         47.33333333  38.23333333  26.33333333  14.06666667
   1.93333333  -1.16666667   0.33333333  -2.1         -3.06666667
   2.83333333   6.46666667   7.8         10.42      ]
errorMacro:[ 58.86666667  47.33333333  38.23333333  26.33333333  14.06666667
   1.93333333  -1.16666667   0.33333333  -2.1         -3.06666667
   2.83333333   6.46666667   7.8         10.42      ]
errorMacro:[ -0.43333333  -7.23333333 -10.36666667 -11.5        -10.53333333
 -10.06666667  -7.46666667  -3.33333333  -2.1         -3.06666667
   2.83333333   6.46666667   7.8         10.42      ]
errorMacro:[ -0.43333333  -7.23333333 -10.36666667 -11.5        -10.53333333
 -10.06666667  -7.46666667  -3.33333333  -2.1         -3.06666667
   2.83333333   6.46666667   7.8         10.42      ]
errorMacro:[  0.13333333  -6.7         -9.86666667 -11.06666667 -10.16666667  -9.8
  -7.23333333  -3.16666667  -2.1         -3.06666667   2.83333333
   6.46666667   7.8         10.42      ]
errorMacro:[ -0.36666667  -7.2        -10.33333333 -11.5        -10.53333333
 -10.06666667  -7.46666667  -3.33333333  -2.1         -3.06666667
   2.83333333   6.46666667   7.8         10.42      ]
errorMacro:[ -0.43333333  -7.23333333 -10.36666667 -11.5        -10.53333333
 -10.06666667  -7.46666667  -3.33333333  -2.1         -3.06666667
   2.83333333   6.46666667   7.8         10.42      ]
errorMacro:[  1.4          1.13333333   0.23333333  -0.53333333  -0.56666667
  -2.56666667  -2.46666667   0.          -2.1         -3.06666667
   2.83333333   6.46666667   7.8         10.42      ]
errorMacro:[  1.4          1.13333333   0.23333333  -0.53333333  -0.56666667
  -2.56666667  -2.46666667   0.          -2.1         -3.06666667
   2.83333333   6.46666667   7.8         10.42      ]
errorMacro:[  2.1          1.8          0.83333333  -0.03333333  -0.13333333  -2.3
  -2.33333333   0.03333333  -2.1         -3.06666667   2.83333333
   6.46666667   7.8         10.42      ]
errorMacro:[  1.4          1.16666667   0.23333333  -0.53333333  -0.56666667
  -2.56666667  -2.46666667   0.          -2.1         -3.06666667
   2.83333333   6.46666667   7.8         10.42      ]
errorMacro:[  1.4          1.13333333   0.23333333  -0.53333333  -0.56666667
  -2.56666667  -2.46666667   0.          -2.1         -3.06666667
   2.83333333   6.46666667   7.8         10.42      ]
errorMacro:[  8.00000000e-01   9.33333333e-01   2.00000000e-01  -4.66666667e-01
  -5.00000000e-01  -2.50000000e+00  -2.43333333e+00  -3.70074342e-14
  -2.10000000e+00  -3.06666667e+00   2.83333333e+00   6.46666667e+00
   7.80000000e+00   1.04200000e+01]
errorMacro:[ 58.86666667  47.33333333  38.23333333  26.33333333  14.06666667
   1.93333333  -1.16666667   0.33333333  -2.1         -3.06666667
   2.83333333   6.46666667   7.8         10.42      ]
errorMacro:[ 58.86666667  47.33333333  38.23333333  26.33333333  14.06666667
   1.93333333  -1.16666667   0.33333333  -2.1         -3.06666667
   2.83333333   6.46666667   7.8         10.42      ]
errorMacro:[ 58.86666667  47.33333333  38.23333333  26.33333333  14.06666667
   1.93333333  -1.16666667   0.33333333  -2.1         -3.06666667
   2.83333333   6.46666667   7.8         10.42      ]
errorMacro:[ 58.86666667  47.33333333  38.23333333  26.33333333  14.06666667
   1.93333333  -1.16666667   0.33333333  -2.1         -3.06666667
   2.83333333   6.46666667   7.8         10.42      ]
errorMacro:[ 59.6         47.93333333  38.73333333  26.56666667  14.1          1.93333333
  -1.16666667   0.33333333  -2.1         -3.06666667   2.83333333
   6.46666667   7.8         10.42      ]
errorMacro:[ 58.9         47.33333333  38.23333333  26.33333333  14.06666667
   1.93333333  -1.16666667   0.33333333  -2.1         -3.06666667
   2.83333333   6.46666667   7.8         10.42      ]
errorMacro:[ 58.86666667  47.33333333  38.23333333  26.33333333  14.06666667
   1.93333333  -1.16666667   0.33333333  -2.1         -3.06666667
   2.83333333   6.46666667   7.8         10.42      ]
errorMacro:[ -0.43333333  -7.23333333 -10.36666667 -11.5        -10.53333333
 -10.06666667  -7.46666667  -3.33333333  -2.1         -3.06666667
   2.83333333   6.46666667   7.8         10.42      ]
errorMacro:[ -0.43333333  -7.23333333 -10.36666667 -11.5        -10.53333333
 -10.06666667  -7.46666667  -3.33333333  -2.1         -3.06666667
   2.83333333   6.46666667   7.8         10.42      ]
errorMacro:[  0.13333333  -6.7         -9.86666667 -11.06666667 -10.16666667  -9.8
  -7.23333333  -3.16666667  -2.1         -3.06666667   2.83333333
   6.46666667   7.8         10.42      ]
errorMacro:[ -0.36666667  -7.2        -10.33333333 -11.5        -10.53333333
 -10.06666667  -7.46666667  -3.33333333  -2.1         -3.06666667
   2.83333333   6.46666667   7.8         10.42      ]
errorMacro:[ -0.43333333  -7.23333333 -10.36666667 -11.5        -10.53333333
 -10.06666667  -7.46666667  -3.33333333  -2.1         -3.06666667
   2.83333333   6.46666667   7.8         10.42      ]
errorMacro:[  1.4          1.13333333   0.23333333  -0.53333333  -0.56666667
  -2.56666667  -2.46666667   0.          -2.1         -3.06666667
   2.83333333   6.46666667   7.8         10.42      ]
errorMacro:[  1.4          1.13333333   0.23333333  -0.53333333  -0.56666667
  -2.56666667  -2.46666667   0.          -2.1         -3.06666667
   2.83333333   6.46666667   7.8         10.42      ]
errorMacro:[  2.1          1.8          0.83333333  -0.03333333  -0.13333333  -2.3
  -2.33333333   0.03333333  -2.1         -3.06666667   2.83333333
   6.46666667   7.8         10.42      ]
errorMacro:[  1.4          1.16666667   0.23333333  -0.53333333  -0.56666667
  -2.56666667  -2.46666667   0.          -2.1         -3.06666667
   2.83333333   6.46666667   7.8         10.42      ]
errorMacro:[  1.4          1.13333333   0.23333333  -0.53333333  -0.56666667
  -2.56666667  -2.46666667   0.          -2.1         -3.06666667
   2.83333333   6.46666667   7.8         10.42      ]
errorMacro:[  8.00000000e-01   9.33333333e-01   2.00000000e-01  -4.66666667e-01
  -5.00000000e-01  -2.50000000e+00  -2.43333333e+00  -3.70074342e-14
  -2.10000000e+00  -3.06666667e+00   2.83333333e+00   6.46666667e+00
   7.80000000e+00   1.04200000e+01]
errorMacro:[ 58.86666667  47.33333333  38.23333333  26.33333333  14.06666667
   1.93333333  -1.16666667   0.33333333  -2.1         -3.06666667
   2.83333333   6.46666667   7.8         10.42      ]
errorMacro:[ 58.86666667  47.33333333  38.23333333  26.33333333  14.06666667
   1.93333333  -1.16666667   0.33333333  -2.1         -3.06666667
   2.83333333   6.46666667   7.8         10.42      ]
errorMacro:[ 58.86666667  47.33333333  38.23333333  26.33333333  14.06666667
   1.93333333  -1.16666667   0.33333333  -2.1         -3.06666667
   2.83333333   6.46666667   7.8         10.42      ]
errorMacro:[ 58.86666667  47.33333333  38.23333333  26.33333333  14.06666667
   1.93333333  -1.16666667   0.33333333  -2.1         -3.06666667
   2.83333333   6.46666667   7.8         10.42      ]
errorMacro:[ 59.6         47.93333333  38.73333333  26.56666667  14.1          1.93333333
  -1.16666667   0.33333333  -2.1         -3.06666667   2.83333333
   6.46666667   7.8         10.42      ]
errorMacro:[ 58.9         47.33333333  38.23333333  26.33333333  14.06666667
   1.93333333  -1.16666667   0.33333333  -2.1         -3.06666667
   2.83333333   6.46666667   7.8         10.42      ]
errorMacro:[ 58.86666667  47.33333333  38.23333333  26.33333333  14.06666667
   1.93333333  -1.16666667   0.33333333  -2.1         -3.06666667
   2.83333333   6.46666667   7.8         10.42      ]
errorMacro:[ -0.43333333  -7.23333333 -10.36666667 -11.5        -10.53333333
 -10.06666667  -7.46666667  -3.33333333  -2.1         -3.06666667
   2.83333333   6.46666667   7.8         10.42      ]
errorMacro:[ -0.43333333  -7.23333333 -10.36666667 -11.5        -10.53333333
 -10.06666667  -7.46666667  -3.33333333  -2.1         -3.06666667
   2.83333333   6.46666667   7.8         10.42      ]
errorMacro:[  0.13333333  -6.7         -9.86666667 -11.06666667 -10.16666667  -9.8
  -7.23333333  -3.16666667  -2.1         -3.06666667   2.83333333
   6.46666667   7.8         10.42      ]
errorMacro:[ -0.36666667  -7.2        -10.33333333 -11.5        -10.53333333
 -10.06666667  -7.46666667  -3.33333333  -2.1         -3.06666667
   2.83333333   6.46666667   7.8         10.42      ]
errorMacro:[ -0.43333333  -7.23333333 -10.36666667 -11.5        -10.53333333
 -10.06666667  -7.46666667  -3.33333333  -2.1         -3.06666667
   2.83333333   6.46666667   7.8         10.42      ]
errorMacro:[  1.4          1.13333333   0.23333333  -0.53333333  -0.56666667
  -2.56666667  -2.46666667   0.          -2.1         -3.06666667
   2.83333333   6.46666667   7.8         10.42      ]
errorMacro:[  1.4          1.13333333   0.23333333  -0.53333333  -0.56666667
  -2.56666667  -2.46666667   0.          -2.1         -3.06666667
   2.83333333   6.46666667   7.8         10.42      ]
errorMacro:[  2.1          1.8          0.83333333  -0.03333333  -0.13333333  -2.3
  -2.33333333   0.03333333  -2.1         -3.06666667   2.83333333
   6.46666667   7.8         10.42      ]
errorMacro:[  1.4          1.16666667   0.23333333  -0.53333333  -0.56666667
  -2.56666667  -2.46666667   0.          -2.1         -3.06666667
   2.83333333   6.46666667   7.8         10.42      ]
errorMacro:[  1.4          1.13333333   0.23333333  -0.53333333  -0.56666667
  -2.56666667  -2.46666667   0.          -2.1         -3.06666667
   2.83333333   6.46666667   7.8         10.42      ]
errorMacro:[  8.00000000e-01   9.33333333e-01   2.00000000e-01  -4.66666667e-01
  -5.00000000e-01  -2.50000000e+00  -2.43333333e+00  -3.70074342e-14
  -2.10000000e+00  -3.06666667e+00   2.83333333e+00   6.46666667e+00
   7.80000000e+00   1.04200000e+01]
errorMacro:[ 44.3         41.93333333  36.          25.9         14.06666667
   1.93333333  -1.16666667   0.33333333  -2.1         -3.06666667
   2.83333333   6.46666667   7.8         10.42      ]
errorMacro:[ 44.3         41.93333333  36.          25.9         14.06666667
   1.93333333  -1.16666667   0.33333333  -2.1         -3.06666667
   2.83333333   6.46666667   7.8         10.42      ]
errorMacro:[ 44.3         41.93333333  36.          25.9         14.06666667
   1.93333333  -1.16666667   0.33333333  -2.1         -3.06666667
   2.83333333   6.46666667   7.8         10.42      ]
errorMacro:[ 44.3         41.93333333  36.          25.9         14.06666667
   1.93333333  -1.16666667   0.33333333  -2.1         -3.06666667
   2.83333333   6.46666667   7.8         10.42      ]
errorMacro:[ 45.1         42.6         36.56666667  26.16666667  14.1          1.93333333
  -1.16666667   0.33333333  -2.1         -3.06666667   2.83333333
   6.46666667   7.8         10.42      ]
errorMacro:[ 44.3         41.93333333  36.          25.9         14.06666667
   1.93333333  -1.16666667   0.33333333  -2.1         -3.06666667
   2.83333333   6.46666667   7.8         10.42      ]
errorMacro:[ 44.3         41.93333333  36.          25.9         14.06666667
   1.93333333  -1.16666667   0.33333333  -2.1         -3.06666667
   2.83333333   6.46666667   7.8         10.42      ]
errorMacro:[ -7.3         -3.93333333  -3.23333333  -2.86666667  -2.16666667
  -3.43333333  -2.86666667  -0.2         -2.1         -3.06666667
   2.83333333   6.46666667   7.8         10.42      ]
errorMacro:[ -7.3         -3.93333333  -3.23333333  -2.86666667  -2.16666667
  -3.43333333  -2.86666667  -0.2         -2.1         -3.06666667
   2.83333333   6.46666667   7.8         10.42      ]
errorMacro:[ -6.56666667  -3.3         -2.63333333  -2.36666667  -1.76666667
  -3.16666667  -2.73333333  -0.13333333  -2.1         -3.06666667
   2.83333333   6.46666667   7.8         10.42      ]
errorMacro:[ -7.3         -3.93333333  -3.23333333  -2.86666667  -2.16666667
  -3.43333333  -2.86666667  -0.2         -2.1         -3.06666667
   2.83333333   6.46666667   7.8         10.42      ]
errorMacro:[ -7.3         -3.93333333  -3.23333333  -2.86666667  -2.16666667
  -3.43333333  -2.86666667  -0.2         -2.1         -3.06666667
   2.83333333   6.46666667   7.8         10.42      ]
errorMacro:[ -2.13333333   0.8          1.03333333   0.73333333   0.66666667
  -1.76666667  -2.06666667   0.16666667  -2.1         -3.06666667
   2.83333333   6.46666667   7.8         10.42      ]
errorMacro:[ -2.13333333   0.8          1.03333333   0.73333333   0.66666667
  -1.76666667  -2.06666667   0.16666667  -2.1         -3.06666667
   2.83333333   6.46666667   7.8         10.42      ]
errorMacro:[ -1.43333333   1.43333333   1.6          1.2          1.06666667
  -1.53333333  -1.96666667   0.2         -2.1         -3.06666667
   2.83333333   6.46666667   7.8         10.42      ]
errorMacro:[ -2.13333333   0.8          1.03333333   0.73333333   0.66666667
  -1.76666667  -2.06666667   0.16666667  -2.1         -3.06666667
   2.83333333   6.46666667   7.8         10.42      ]
errorMacro:[ -2.13333333   0.8          1.03333333   0.73333333   0.66666667
  -1.76666667  -2.06666667   0.16666667  -2.1         -3.06666667
   2.83333333   6.46666667   7.8         10.42      ]
errorMacro:[ 125.66666667   64.23333333   36.36666667   17.56666667    8.33333333
    0.4          -1.5           0.26666667   -2.1          -3.06666667
    2.83333333    6.46666667    7.8          10.42      ]
errorMacro:[ 26.9         14.4          8.3          4.2          2.3         -1.26666667
  -1.9          0.2         -2.1         -3.06666667   2.83333333
   6.46666667   7.8         10.42      ]
errorMacro:[ -2.03333333   0.86666667   1.1          0.8          0.73333333
  -1.73333333  -2.03333333   0.16666667  -2.1         -3.06666667
   2.83333333   6.46666667   7.8         10.42      ]
errorMacro:[ -2.03333333   0.86666667   1.1          0.8          0.73333333
  -1.73333333  -2.03333333   0.16666667  -2.1         -3.06666667
   2.83333333   6.46666667   7.8         10.42      ]
errorMacro:[ -1.33333333   1.53333333   1.7          1.26666667   1.13333333  -1.5
  -1.93333333   0.2         -2.1         -3.06666667   2.83333333
   6.46666667   7.8         10.42      ]
errorMacro:[ -2.03333333   0.86666667   1.1          0.8          0.73333333
  -1.73333333  -2.03333333   0.16666667  -2.1         -3.06666667
   2.83333333   6.46666667   7.8         10.42      ]
errorMacro:[ -2.03333333   0.86666667   1.1          0.8          0.73333333
  -1.73333333  -2.03333333   0.16666667  -2.1         -3.06666667
   2.83333333   6.46666667   7.8         10.42      ]
errorMacro:[ -2.03333333   0.86666667   1.1          0.8          0.73333333
  -1.73333333  -2.03333333   0.16666667  -2.1         -3.06666667
   2.83333333   6.46666667   7.8         10.42      ]
errorMacro:[ 58.86666667  47.33333333  38.23333333  26.33333333  14.06666667
   1.93333333  -1.16666667   0.33333333  -2.1         -3.06666667
   2.83333333   6.46666667   7.8         10.42      ]
errorMacro:[ 66.63333333  59.56666667  49.          30.36666667  14.16666667
   1.93333333  -1.16666667   0.33333333  -2.1         -3.06666667
   2.83333333   6.46666667   7.8         10.42      ]
errorMacro:[ 66.63333333  59.56666667  49.          30.36666667  14.16666667
   1.93333333  -1.16666667   0.33333333  -2.1         -3.06666667
   2.83333333   6.46666667   7.8         10.42      ]
errorMacro:[ 66.63333333  59.56666667  49.          30.36666667  14.16666667
   1.93333333  -1.16666667   0.33333333  -2.1         -3.06666667
   2.83333333   6.46666667   7.8         10.42      ]
errorMacro:[ 66.63333333  59.56666667  49.          30.36666667  14.16666667
   1.93333333  -1.16666667   0.33333333  -2.1         -3.06666667
   2.83333333   6.46666667   7.8         10.42      ]
errorMacro:[ 66.63333333  59.56666667  49.          30.36666667  14.16666667
   1.93333333  -1.16666667   0.33333333  -2.1         -3.06666667
   2.83333333   6.46666667   7.8         10.42      ]
errorMacro:[ 66.63333333  59.56666667  49.          30.36666667  14.16666667
   1.93333333  -1.16666667   0.33333333  -2.1         -3.06666667
   2.83333333   6.46666667   7.8         10.42      ]
errorMacro:[ 66.63333333  59.56666667  49.          30.36666667  14.16666667
   1.93333333  -1.16666667   0.33333333  -2.1         -3.06666667
   2.83333333   6.46666667   7.8         10.42      ]
errorMacro:[ 66.63333333  59.56666667  49.          30.36666667  14.16666667
   1.93333333  -1.16666667   0.33333333  -2.1         -3.06666667
   2.83333333   6.46666667   7.8         10.42      ]
errorMacro:[ 66.63333333  59.56666667  49.          30.36666667  14.16666667
   1.93333333  -1.16666667   0.33333333  -2.1         -3.06666667
   2.83333333   6.46666667   7.8         10.42      ]
errorMacro:[ 66.63333333  59.56666667  49.          30.36666667  14.16666667
   1.93333333  -1.16666667   0.33333333  -2.1         -3.06666667
   2.83333333   6.46666667   7.8         10.42      ]
errorMacro:[ 66.63333333  59.56666667  49.          30.36666667  14.16666667
   1.93333333  -1.16666667   0.33333333  -2.1         -3.06666667
   2.83333333   6.46666667   7.8         10.42      ]
errorMacro:[ 66.63333333  59.56666667  49.          30.36666667  14.16666667
   1.93333333  -1.16666667   0.33333333  -2.1         -3.06666667
   2.83333333   6.46666667   7.8         10.42      ]
errorMacro:[ 66.63333333  59.56666667  49.          30.36666667  14.16666667
   1.93333333  -1.16666667   0.33333333  -2.1         -3.06666667
   2.83333333   6.46666667   7.8         10.42      ]
errorMacro:[ 66.63333333  59.56666667  49.          30.36666667  14.16666667
   1.93333333  -1.16666667   0.33333333  -2.1         -3.06666667
   2.83333333   6.46666667   7.8         10.42      ]
errorMacro:[ 66.9         59.6         49.03333333  30.36666667  14.16666667
   1.93333333  -1.16666667   0.33333333  -2.1         -3.06666667
   2.83333333   6.46666667   7.8         10.42      ]
errorMacro:[ 67.46666667  60.23333333  49.46666667  30.43333333  14.16666667
   1.93333333  -1.16666667   0.33333333  -2.1         -3.06666667
   2.83333333   6.46666667   7.8         10.42      ]
errorMacro:[ 66.63333333  59.56666667  49.          30.36666667  14.16666667
   1.93333333  -1.16666667   0.33333333  -2.1         -3.06666667
   2.83333333   6.46666667   7.8         10.42      ]
errorMacro:[-23.26666667 -19.83333333 -18.23333333 -16.13333333 -13.56666667 -11.9
  -8.63333333  -4.1         -2.1         -3.06666667   2.83333333
   6.46666667   7.8         10.42      ]
errorMacro:[-23.26666667 -19.83333333 -18.23333333 -16.13333333 -13.56666667 -11.9
  -8.63333333  -4.1         -2.1         -3.06666667   2.83333333
   6.46666667   7.8         10.42      ]
errorMacro:[-22.6        -19.2        -17.66666667 -15.63333333 -13.1        -11.5
  -8.33333333  -3.9         -2.1         -3.06666667   2.83333333
   6.46666667   7.8         10.42      ]
errorMacro:[-23.26666667 -19.83333333 -18.23333333 -16.13333333 -13.56666667 -11.9
  -8.63333333  -4.1         -2.1         -3.06666667   2.83333333
   6.46666667   7.8         10.42      ]
errorMacro:[ 159.          100.66666667   59.6          29.16666667   13.4
    1.73333333   -1.23333333    0.3          -2.1          -3.06666667
    2.83333333    6.46666667    7.8          10.42      ]
errorMacro:[-12.36666667  -9.63333333  -8.8         -7.86666667  -6.43333333
  -6.36666667  -4.6         -1.26666667  -2.1         -3.06666667
   2.83333333   6.46666667   7.8         10.42      ]
errorMacro:[-12.36666667  -9.63333333  -8.8         -7.86666667  -6.43333333
  -6.36666667  -4.6         -1.26666667  -2.1         -3.06666667
   2.83333333   6.46666667   7.8         10.42      ]
errorMacro:[-11.7         -9.06666667  -8.26666667  -7.4         -6.03333333
  -6.06666667  -4.43333333  -1.13333333  -2.1         -3.06666667
   2.83333333   6.46666667   7.8         10.42      ]
errorMacro:[-12.33333333  -9.63333333  -8.8         -7.86666667  -6.43333333
  -6.36666667  -4.6         -1.26666667  -2.1         -3.06666667
   2.83333333   6.46666667   7.8         10.42      ]
errorMacro:[ -0.76666667   0.96666667   0.76666667   0.3          0.23333333
  -2.03333333  -2.16666667   0.13333333  -2.1         -3.06666667
   2.83333333   6.46666667   7.8         10.42      ]
errorMacro:[ -0.76666667   0.96666667   0.76666667   0.3          0.23333333
  -2.03333333  -2.16666667   0.13333333  -2.1         -3.06666667
   2.83333333   6.46666667   7.8         10.42      ]
errorMacro:[ -0.06666667   1.6          1.33333333   0.76666667   0.63333333
  -1.83333333  -2.1          0.16666667  -2.1         -3.06666667
   2.83333333   6.46666667   7.8         10.42      ]
errorMacro:[ -0.76666667   0.96666667   0.76666667   0.3          0.23333333
  -2.03333333  -2.16666667   0.13333333  -2.1         -3.06666667
   2.83333333   6.46666667   7.8         10.42      ]
errorMacro:[  9.5          5.83333333   3.33333333   1.5          0.8         -1.86666667
  -2.13333333   0.13333333  -2.1         -3.06666667   2.83333333
   6.46666667   7.8         10.42      ]
errorMacro:[  0.26666667   1.4          0.96666667   0.36666667   0.26666667
  -2.03333333  -2.16666667   0.13333333  -2.1         -3.06666667
   2.83333333   6.46666667   7.8         10.42      ]
