
errorHKL1:[  2.16497174e-10   5.98985551e-11   3.73878775e-12   1.44946831e-11
   2.22169011e-11   8.00065196e-11   1.41243020e-10   1.04659440e-10
   1.29709617e-10   3.91667409e-10   2.23343153e-10   7.47542439e-11
   1.29828384e-11   9.33011452e-13]

errorHKL2:[  1.99477233e-09   1.67696877e-09   1.32748203e-09   9.13534352e-10
   4.66062612e-10   3.01644373e-10   1.63051005e-10   1.76483112e-10
   1.03619670e-10   1.96317876e-10   1.22008575e-10   6.03877564e-11
   7.08662410e-12   2.82197223e-13]

errorHKL6:[  1.13820828e-09   1.10501699e-09   1.06524953e-09   9.65820951e-10
   9.65340623e-10   9.16750260e-10   6.51660540e-10   5.62106350e-10
   4.04203893e-10   1.85024151e-10   9.27086780e-11   1.33799335e-11
   4.61961504e-12   9.47768750e-14]

errorHKL7:[  5.43806905e-09   3.35674363e-09   2.46381606e-09   1.95600312e-09
   1.97400115e-09   1.58637008e-09   1.13452602e-09   1.03012782e-09
   7.06250038e-10   4.20767543e-10   2.53598709e-10   8.64588854e-11
   1.87004026e-11   1.80186636e-13]

errorHKL1:[  2.16497174e-10   5.98985551e-11   3.73878775e-12   1.44946831e-11
   2.22169011e-11   8.00065196e-11   1.41243020e-10   1.04659440e-10
   1.29709617e-10   3.91667409e-10   2.23343153e-10   7.47542439e-11
   1.29828384e-11   9.33011452e-13]

errorHKL2:[  1.99477233e-09   1.67696877e-09   1.32748203e-09   9.13534352e-10
   4.66062612e-10   3.01644373e-10   1.63051005e-10   1.76483112e-10
   1.03619670e-10   1.96317876e-10   1.22008575e-10   6.03877564e-11
   7.08662410e-12   2.82197223e-13]

errorHKL6:[  1.13820828e-09   1.10501699e-09   1.06524953e-09   9.65820951e-10
   9.65340623e-10   9.16750260e-10   6.51660540e-10   5.62106350e-10
   4.04203893e-10   1.85024151e-10   9.27086780e-11   1.33799335e-11
   4.61961504e-12   9.47768750e-14]

errorHKL7:[  5.43806905e-09   3.35674363e-09   2.46381606e-09   1.95600312e-09
   1.97400115e-09   1.58637008e-09   1.13452602e-09   1.03012782e-09
   7.06250038e-10   4.20767543e-10   2.53598709e-10   8.64588854e-11
   1.87004026e-11   1.80186636e-13]

errorHKL1:[  2.16497174e-10   5.98985551e-11   3.73878775e-12   1.44946831e-11
   2.22169011e-11   8.00065196e-11   1.41243020e-10   1.04659440e-10
   1.29709617e-10   3.91667409e-10   2.23343153e-10   7.47542439e-11
   1.29828384e-11   9.33011452e-13]

errorHKL2:[  1.99477233e-09   1.67696877e-09   1.32748203e-09   9.13534352e-10
   4.66062612e-10   3.01644373e-10   1.63051005e-10   1.76483112e-10
   1.03619670e-10   1.96317876e-10   1.22008575e-10   6.03877564e-11
   7.08662410e-12   2.82197223e-13]

errorHKL6:[  1.13820828e-09   1.10501699e-09   1.06524953e-09   9.65820951e-10
   9.65340623e-10   9.16750260e-10   6.51660540e-10   5.62106350e-10
   4.04203893e-10   1.85024151e-10   9.27086780e-11   1.33799335e-11
   4.61961504e-12   9.47768750e-14]

errorHKL7:[  5.43806905e-09   3.35674363e-09   2.46381606e-09   1.95600312e-09
   1.97400115e-09   1.58637008e-09   1.13452602e-09   1.03012782e-09
   7.06250038e-10   4.20767543e-10   2.53598709e-10   8.64588854e-11
   1.87004026e-11   1.80186636e-13]

errorHKL1:[  2.16497174e-10   5.98985551e-11   3.73878775e-12   1.44946831e-11
   2.22169011e-11   8.00065196e-11   1.41243020e-10   1.04659440e-10
   1.29709617e-10   3.91667409e-10   2.23343153e-10   7.47542439e-11
   1.29828384e-11   9.33011452e-13]

errorHKL2:[  1.99477233e-09   1.67696877e-09   1.32748203e-09   9.13534352e-10
   4.66062612e-10   3.01644373e-10   1.63051005e-10   1.76483112e-10
   1.03619670e-10   1.96317876e-10   1.22008575e-10   6.03877564e-11
   7.08662410e-12   2.82197223e-13]

errorHKL6:[  1.13820828e-09   1.10501699e-09   1.06524953e-09   9.65820951e-10
   9.65340623e-10   9.16750260e-10   6.51660540e-10   5.62106350e-10
   4.04203893e-10   1.85024151e-10   9.27086780e-11   1.33799335e-11
   4.61961504e-12   9.47768750e-14]

errorHKL7:[  5.43806905e-09   3.35674363e-09   2.46381606e-09   1.95600312e-09
   1.97400115e-09   1.58637008e-09   1.13452602e-09   1.03012782e-09
   7.06250038e-10   4.20767543e-10   2.53598709e-10   8.64588854e-11
   1.87004026e-11   1.80186636e-13]

errorHKL1:[  2.26162567e-10   6.03526571e-11   3.73571456e-12   1.45020816e-11
   2.22169431e-11   8.00065191e-11   1.41243020e-10   1.04659440e-10
   1.29709617e-10   3.91667409e-10   2.23343153e-10   7.47542439e-11
   1.29828384e-11   9.33011452e-13]

errorHKL2:[  2.00796445e-09   1.68543422e-09   1.32971836e-09   9.13577072e-10
   4.66062754e-10   3.01644372e-10   1.63051005e-10   1.76483112e-10
   1.03619670e-10   1.96317876e-10   1.22008575e-10   6.03877564e-11
   7.08662410e-12   2.82197223e-13]

errorHKL6:[  1.14385927e-09   1.10626827e-09   1.06436327e-09   9.65796534e-10
   9.65340502e-10   9.16750261e-10   6.51660540e-10   5.62106350e-10
   4.04203893e-10   1.85024151e-10   9.27086780e-11   1.33799335e-11
   4.61961504e-12   9.47768750e-14]

errorHKL7:[  5.40932620e-09   3.34692017e-09   2.46106818e-09   1.95594866e-09
   1.97400087e-09   1.58637008e-09   1.13452602e-09   1.03012782e-09
   7.06250038e-10   4.20767543e-10   2.53598709e-10   8.64588854e-11
   1.87004026e-11   1.80186636e-13]

errorHKL1:[  2.16497179e-10   5.99105675e-11   3.75811728e-12   1.44942113e-11
   2.22168984e-11   8.00065196e-11   1.41243020e-10   1.04659440e-10
   1.29709617e-10   3.91667409e-10   2.23343153e-10   7.47542439e-11
   1.29828384e-11   9.33011452e-13]

errorHKL2:[  1.99477233e-09   1.67696877e-09   1.32748203e-09   9.13534352e-10
   4.66062612e-10   3.01644373e-10   1.63051005e-10   1.76483112e-10
   1.03619670e-10   1.96317876e-10   1.22008575e-10   6.03877564e-11
   7.08662410e-12   2.82197223e-13]

errorHKL6:[  1.13820828e-09   1.10501699e-09   1.06524953e-09   9.65820951e-10
   9.65340623e-10   9.16750260e-10   6.51660540e-10   5.62106350e-10
   4.04203893e-10   1.85024151e-10   9.27086780e-11   1.33799335e-11
   4.61961504e-12   9.47768750e-14]

errorHKL7:[  5.43806904e-09   3.35674363e-09   2.46381606e-09   1.95600312e-09
   1.97400115e-09   1.58637008e-09   1.13452602e-09   1.03012782e-09
   7.06250038e-10   4.20767543e-10   2.53598709e-10   8.64588854e-11
   1.87004026e-11   1.80186636e-13]

errorHKL1:[  2.16497174e-10   5.98985551e-11   3.73878775e-12   1.44946831e-11
   2.22169011e-11   8.00065196e-11   1.41243020e-10   1.04659440e-10
   1.29709617e-10   3.91667409e-10   2.23343153e-10   7.47542439e-11
   1.29828384e-11   9.33011452e-13]

errorHKL2:[  1.99477233e-09   1.67696877e-09   1.32748203e-09   9.13534352e-10
   4.66062612e-10   3.01644373e-10   1.63051005e-10   1.76483112e-10
   1.03619670e-10   1.96317876e-10   1.22008575e-10   6.03877564e-11
   7.08662410e-12   2.82197223e-13]

errorHKL6:[  1.13820828e-09   1.10501699e-09   1.06524953e-09   9.65820951e-10
   9.65340623e-10   9.16750260e-10   6.51660540e-10   5.62106350e-10
   4.04203893e-10   1.85024151e-10   9.27086780e-11   1.33799335e-11
   4.61961504e-12   9.47768750e-14]

errorHKL7:[  5.43806905e-09   3.35674363e-09   2.46381606e-09   1.95600312e-09
   1.97400115e-09   1.58637008e-09   1.13452602e-09   1.03012782e-09
   7.06250038e-10   4.20767543e-10   2.53598709e-10   8.64588854e-11
   1.87004026e-11   1.80186636e-13]

errorHKL1:[ 0.21649717  0.05989856  0.00373879  0.01449468  0.0222169   0.08000652
  0.14124302  0.10465944  0.12970962  0.39166741  0.22334315  0.07475424
  0.01298284  0.00093301]

errorHKL2:[  1.99477233e+00   1.67696877e+00   1.32748203e+00   9.13534352e-01
   4.66062612e-01   3.01644373e-01   1.63051005e-01   1.76483112e-01
   1.03619670e-01   1.96317876e-01   1.22008575e-01   6.03877564e-02
   7.08662410e-03   2.82197223e-04]

errorHKL6:[  1.13820828e+00   1.10501699e+00   1.06524953e+00   9.65820951e-01
   9.65340623e-01   9.16750260e-01   6.51660540e-01   5.62106350e-01
   4.04203893e-01   1.85024151e-01   9.27086780e-02   1.33799335e-02
   4.61961504e-03   9.47768750e-05]

errorHKL7:[  5.43806905e+00   3.35674363e+00   2.46381606e+00   1.95600312e+00
   1.97400115e+00   1.58637008e+00   1.13452602e+00   1.03012782e+00
   7.06250038e-01   4.20767543e-01   2.53598709e-01   8.64588854e-02
   1.87004026e-02   1.80186636e-04]

errorHKL1:[ 0.21649717  0.05989856  0.00373879  0.01449468  0.0222169   0.08000652
  0.14124302  0.10465944  0.12970962  0.39166741  0.22334315  0.07475424
  0.01298284  0.00093301]

errorHKL2:[  1.99477233e+00   1.67696877e+00   1.32748203e+00   9.13534352e-01
   4.66062612e-01   3.01644373e-01   1.63051005e-01   1.76483112e-01
   1.03619670e-01   1.96317876e-01   1.22008575e-01   6.03877564e-02
   7.08662410e-03   2.82197223e-04]

errorHKL6:[  1.13820828e+00   1.10501699e+00   1.06524953e+00   9.65820951e-01
   9.65340623e-01   9.16750260e-01   6.51660540e-01   5.62106350e-01
   4.04203893e-01   1.85024151e-01   9.27086780e-02   1.33799335e-02
   4.61961504e-03   9.47768750e-05]

errorHKL7:[  5.43806905e+00   3.35674363e+00   2.46381606e+00   1.95600312e+00
   1.97400115e+00   1.58637008e+00   1.13452602e+00   1.03012782e+00
   7.06250038e-01   4.20767543e-01   2.53598709e-01   8.64588854e-02
   1.87004026e-02   1.80186636e-04]

errorHKL1:[ 0.21649717  0.05989856  0.00373879  0.01449468  0.0222169   0.08000652
  0.14124302  0.10465944  0.12970962  0.39166741  0.22334315  0.07475424
  0.01298284  0.00093301]

errorHKL2:[  1.99477233e+00   1.67696877e+00   1.32748203e+00   9.13534352e-01
   4.66062612e-01   3.01644373e-01   1.63051005e-01   1.76483112e-01
   1.03619670e-01   1.96317876e-01   1.22008575e-01   6.03877564e-02
   7.08662410e-03   2.82197223e-04]

errorHKL6:[  1.13820828e+00   1.10501699e+00   1.06524953e+00   9.65820951e-01
   9.65340623e-01   9.16750260e-01   6.51660540e-01   5.62106350e-01
   4.04203893e-01   1.85024151e-01   9.27086780e-02   1.33799335e-02
   4.61961504e-03   9.47768750e-05]

errorHKL7:[  5.43806905e+00   3.35674363e+00   2.46381606e+00   1.95600312e+00
   1.97400115e+00   1.58637008e+00   1.13452602e+00   1.03012782e+00
   7.06250038e-01   4.20767543e-01   2.53598709e-01   8.64588854e-02
   1.87004026e-02   1.80186636e-04]

errorHKL1:[ 0.21649717  0.05989856  0.00373879  0.01449468  0.0222169   0.08000652
  0.14124302  0.10465944  0.12970962  0.39166741  0.22334315  0.07475424
  0.01298284  0.00093301]

errorHKL2:[  1.99477233e+00   1.67696877e+00   1.32748203e+00   9.13534352e-01
   4.66062612e-01   3.01644373e-01   1.63051005e-01   1.76483112e-01
   1.03619670e-01   1.96317876e-01   1.22008575e-01   6.03877564e-02
   7.08662410e-03   2.82197223e-04]

errorHKL6:[  1.13820828e+00   1.10501699e+00   1.06524953e+00   9.65820951e-01
   9.65340623e-01   9.16750260e-01   6.51660540e-01   5.62106350e-01
   4.04203893e-01   1.85024151e-01   9.27086780e-02   1.33799335e-02
   4.61961504e-03   9.47768750e-05]

errorHKL7:[  5.43806905e+00   3.35674363e+00   2.46381606e+00   1.95600312e+00
   1.97400115e+00   1.58637008e+00   1.13452602e+00   1.03012782e+00
   7.06250038e-01   4.20767543e-01   2.53598709e-01   8.64588854e-02
   1.87004026e-02   1.80186636e-04]

errorHKL1:[ 0.22616257  0.06035266  0.00373571  0.01450208  0.02221694  0.08000652
  0.14124302  0.10465944  0.12970962  0.39166741  0.22334315  0.07475424
  0.01298284  0.00093301]

errorHKL2:[  2.00796445e+00   1.68543422e+00   1.32971836e+00   9.13577072e-01
   4.66062754e-01   3.01644372e-01   1.63051005e-01   1.76483112e-01
   1.03619670e-01   1.96317876e-01   1.22008575e-01   6.03877564e-02
   7.08662410e-03   2.82197223e-04]

errorHKL6:[  1.14385927e+00   1.10626827e+00   1.06436327e+00   9.65796534e-01
   9.65340502e-01   9.16750261e-01   6.51660540e-01   5.62106350e-01
   4.04203893e-01   1.85024151e-01   9.27086780e-02   1.33799335e-02
   4.61961504e-03   9.47768750e-05]

errorHKL7:[  5.40932620e+00   3.34692017e+00   2.46106818e+00   1.95594866e+00
   1.97400087e+00   1.58637008e+00   1.13452602e+00   1.03012782e+00
   7.06250038e-01   4.20767543e-01   2.53598709e-01   8.64588854e-02
   1.87004026e-02   1.80186636e-04]

errorHKL1:[ 0.21649718  0.05991057  0.00375812  0.01449421  0.0222169   0.08000652
  0.14124302  0.10465944  0.12970962  0.39166741  0.22334315  0.07475424
  0.01298284  0.00093301]

errorHKL2:[  1.99477233e+00   1.67696877e+00   1.32748203e+00   9.13534352e-01
   4.66062612e-01   3.01644373e-01   1.63051005e-01   1.76483112e-01
   1.03619670e-01   1.96317876e-01   1.22008575e-01   6.03877564e-02
   7.08662410e-03   2.82197223e-04]

errorHKL6:[  1.13820828e+00   1.10501699e+00   1.06524953e+00   9.65820951e-01
   9.65340623e-01   9.16750260e-01   6.51660540e-01   5.62106350e-01
   4.04203893e-01   1.85024151e-01   9.27086780e-02   1.33799335e-02
   4.61961504e-03   9.47768750e-05]

errorHKL7:[  5.43806904e+00   3.35674363e+00   2.46381606e+00   1.95600312e+00
   1.97400115e+00   1.58637008e+00   1.13452602e+00   1.03012782e+00
   7.06250038e-01   4.20767543e-01   2.53598709e-01   8.64588854e-02
   1.87004026e-02   1.80186636e-04]

errorHKL1:[ 0.21649717  0.05989856  0.00373879  0.01449468  0.0222169   0.08000652
  0.14124302  0.10465944  0.12970962  0.39166741  0.22334315  0.07475424
  0.01298284  0.00093301]

errorHKL2:[  1.99477233e+00   1.67696877e+00   1.32748203e+00   9.13534352e-01
   4.66062612e-01   3.01644373e-01   1.63051005e-01   1.76483112e-01
   1.03619670e-01   1.96317876e-01   1.22008575e-01   6.03877564e-02
   7.08662410e-03   2.82197223e-04]

errorHKL6:[  1.13820828e+00   1.10501699e+00   1.06524953e+00   9.65820951e-01
   9.65340623e-01   9.16750260e-01   6.51660540e-01   5.62106350e-01
   4.04203893e-01   1.85024151e-01   9.27086780e-02   1.33799335e-02
   4.61961504e-03   9.47768750e-05]

errorHKL7:[  5.43806905e+00   3.35674363e+00   2.46381606e+00   1.95600312e+00
   1.97400115e+00   1.58637008e+00   1.13452602e+00   1.03012782e+00
   7.06250038e-01   4.20767543e-01   2.53598709e-01   8.64588854e-02
   1.87004026e-02   1.80186636e-04]
errorMacro:[  9.47818844e+04   6.45160000e+04   4.19840100e+04   2.29017778e+04
   9.48676000e+03   1.90096000e+03   5.13611111e+01   6.40000000e+01
   1.91552111e+03   7.46496000e+03   1.49246944e+04   2.56640400e+04
   3.95479511e+04   5.69204164e+04]

errorHKL1:[ 0.21649717  0.05989856  0.00373879  0.01449468  0.0222169   0.08000652
  0.14124302  0.10465944  0.12970962  0.39166741  0.22334315  0.07475424
  0.01298284  0.00093301]

errorHKL2:[  1.99477233e+00   1.67696877e+00   1.32748203e+00   9.13534352e-01
   4.66062612e-01   3.01644373e-01   1.63051005e-01   1.76483112e-01
   1.03619670e-01   1.96317876e-01   1.22008575e-01   6.03877564e-02
   7.08662410e-03   2.82197223e-04]

errorHKL6:[  1.13820828e+00   1.10501699e+00   1.06524953e+00   9.65820951e-01
   9.65340623e-01   9.16750260e-01   6.51660540e-01   5.62106350e-01
   4.04203893e-01   1.85024151e-01   9.27086780e-02   1.33799335e-02
   4.61961504e-03   9.47768750e-05]

errorHKL7:[  5.43806905e+00   3.35674363e+00   2.46381606e+00   1.95600312e+00
   1.97400115e+00   1.58637008e+00   1.13452602e+00   1.03012782e+00
   7.06250038e-01   4.20767543e-01   2.53598709e-01   8.64588854e-02
   1.87004026e-02   1.80186636e-04]
errorMacro:[  9.47818844e+04   6.45160000e+04   4.19840100e+04   2.29017778e+04
   9.48676000e+03   1.90096000e+03   5.13611111e+01   6.40000000e+01
   1.91552111e+03   7.46496000e+03   1.49246944e+04   2.56640400e+04
   3.95479511e+04   5.69204164e+04]

errorHKL1:[ 0.21649717  0.05989856  0.00373879  0.01449468  0.0222169   0.08000652
  0.14124302  0.10465944  0.12970962  0.39166741  0.22334315  0.07475424
  0.01298284  0.00093301]

errorHKL2:[  1.99477233e+00   1.67696877e+00   1.32748203e+00   9.13534352e-01
   4.66062612e-01   3.01644373e-01   1.63051005e-01   1.76483112e-01
   1.03619670e-01   1.96317876e-01   1.22008575e-01   6.03877564e-02
   7.08662410e-03   2.82197223e-04]

errorHKL6:[  1.13820828e+00   1.10501699e+00   1.06524953e+00   9.65820951e-01
   9.65340623e-01   9.16750260e-01   6.51660540e-01   5.62106350e-01
   4.04203893e-01   1.85024151e-01   9.27086780e-02   1.33799335e-02
   4.61961504e-03   9.47768750e-05]

errorHKL7:[  5.43806905e+00   3.35674363e+00   2.46381606e+00   1.95600312e+00
   1.97400115e+00   1.58637008e+00   1.13452602e+00   1.03012782e+00
   7.06250038e-01   4.20767543e-01   2.53598709e-01   8.64588854e-02
   1.87004026e-02   1.80186636e-04]
errorMacro:[  9.47818844e+04   6.45160000e+04   4.19840100e+04   2.29017778e+04
   9.48676000e+03   1.90096000e+03   5.13611111e+01   6.40000000e+01
   1.91552111e+03   7.46496000e+03   1.49246944e+04   2.56640400e+04
   3.95479511e+04   5.69204164e+04]

errorHKL1:[ 0.21649717  0.05989856  0.00373879  0.01449468  0.0222169   0.08000652
  0.14124302  0.10465944  0.12970962  0.39166741  0.22334315  0.07475424
  0.01298284  0.00093301]

errorHKL2:[  1.99477233e+00   1.67696877e+00   1.32748203e+00   9.13534352e-01
   4.66062612e-01   3.01644373e-01   1.63051005e-01   1.76483112e-01
   1.03619670e-01   1.96317876e-01   1.22008575e-01   6.03877564e-02
   7.08662410e-03   2.82197223e-04]

errorHKL6:[  1.13820828e+00   1.10501699e+00   1.06524953e+00   9.65820951e-01
   9.65340623e-01   9.16750260e-01   6.51660540e-01   5.62106350e-01
   4.04203893e-01   1.85024151e-01   9.27086780e-02   1.33799335e-02
   4.61961504e-03   9.47768750e-05]

errorHKL7:[  5.43806905e+00   3.35674363e+00   2.46381606e+00   1.95600312e+00
   1.97400115e+00   1.58637008e+00   1.13452602e+00   1.03012782e+00
   7.06250038e-01   4.20767543e-01   2.53598709e-01   8.64588854e-02
   1.87004026e-02   1.80186636e-04]
errorMacro:[  9.47818844e+04   6.45160000e+04   4.19840100e+04   2.29017778e+04
   9.48676000e+03   1.90096000e+03   5.13611111e+01   6.40000000e+01
   1.91552111e+03   7.46496000e+03   1.49246944e+04   2.56640400e+04
   3.95479511e+04   5.69204164e+04]

errorHKL1:[ 0.21649717  0.05989856  0.00373879  0.01449468  0.0222169   0.08000652
  0.14124302  0.10465944  0.12970962  0.39166741  0.22334315  0.07475424
  0.01298284  0.00093301]

errorHKL2:[  1.99477233e+00   1.67696877e+00   1.32748203e+00   9.13534352e-01
   4.66062612e-01   3.01644373e-01   1.63051005e-01   1.76483112e-01
   1.03619670e-01   1.96317876e-01   1.22008575e-01   6.03877564e-02
   7.08662410e-03   2.82197223e-04]

errorHKL6:[  1.13820828e+00   1.10501699e+00   1.06524953e+00   9.65820951e-01
   9.65340623e-01   9.16750260e-01   6.51660540e-01   5.62106350e-01
   4.04203893e-01   1.85024151e-01   9.27086780e-02   1.33799335e-02
   4.61961504e-03   9.47768750e-05]

errorHKL7:[  5.43806905e+00   3.35674363e+00   2.46381606e+00   1.95600312e+00
   1.97400115e+00   1.58637008e+00   1.13452602e+00   1.03012782e+00
   7.06250038e-01   4.20767543e-01   2.53598709e-01   8.64588854e-02
   1.87004026e-02   1.80186636e-04]
errorMacro:[  9.52339600e+04   6.48211600e+04   4.21891600e+04   2.29724544e+04
   9.49325444e+03   1.90096000e+03   5.13611111e+01   6.40000000e+01
   1.91552111e+03   7.46496000e+03   1.49246944e+04   2.56640400e+04
   3.95479511e+04   5.69204164e+04]

errorHKL1:[ 0.22616257  0.06035266  0.00373571  0.01450208  0.02221694  0.08000652
  0.14124302  0.10465944  0.12970962  0.39166741  0.22334315  0.07475424
  0.01298284  0.00093301]

errorHKL2:[  2.00796445e+00   1.68543422e+00   1.32971836e+00   9.13577072e-01
   4.66062754e-01   3.01644372e-01   1.63051005e-01   1.76483112e-01
   1.03619670e-01   1.96317876e-01   1.22008575e-01   6.03877564e-02
   7.08662410e-03   2.82197223e-04]

errorHKL6:[  1.14385927e+00   1.10626827e+00   1.06436327e+00   9.65796534e-01
   9.65340502e-01   9.16750261e-01   6.51660540e-01   5.62106350e-01
   4.04203893e-01   1.85024151e-01   9.27086780e-02   1.33799335e-02
   4.61961504e-03   9.47768750e-05]

errorHKL7:[  5.40932620e+00   3.34692017e+00   2.46106818e+00   1.95594866e+00
   1.97400087e+00   1.58637008e+00   1.13452602e+00   1.03012782e+00
   7.06250038e-01   4.20767543e-01   2.53598709e-01   8.64588854e-02
   1.87004026e-02   1.80186636e-04]
errorMacro:[  9.48024100e+04   6.45160000e+04   4.19840100e+04   2.29017778e+04
   9.48676000e+03   1.90096000e+03   5.13611111e+01   6.40000000e+01
   1.91552111e+03   7.46496000e+03   1.49246944e+04   2.56640400e+04
   3.95479511e+04   5.69204164e+04]

errorHKL1:[ 0.21649718  0.05991057  0.00375812  0.01449421  0.0222169   0.08000652
  0.14124302  0.10465944  0.12970962  0.39166741  0.22334315  0.07475424
  0.01298284  0.00093301]

errorHKL2:[  1.99477233e+00   1.67696877e+00   1.32748203e+00   9.13534352e-01
   4.66062612e-01   3.01644373e-01   1.63051005e-01   1.76483112e-01
   1.03619670e-01   1.96317876e-01   1.22008575e-01   6.03877564e-02
   7.08662410e-03   2.82197223e-04]

errorHKL6:[  1.13820828e+00   1.10501699e+00   1.06524953e+00   9.65820951e-01
   9.65340623e-01   9.16750260e-01   6.51660540e-01   5.62106350e-01
   4.04203893e-01   1.85024151e-01   9.27086780e-02   1.33799335e-02
   4.61961504e-03   9.47768750e-05]

errorHKL7:[  5.43806904e+00   3.35674363e+00   2.46381606e+00   1.95600312e+00
   1.97400115e+00   1.58637008e+00   1.13452602e+00   1.03012782e+00
   7.06250038e-01   4.20767543e-01   2.53598709e-01   8.64588854e-02
   1.87004026e-02   1.80186636e-04]
errorMacro:[  9.47818844e+04   6.45160000e+04   4.19840100e+04   2.29017778e+04
   9.48676000e+03   1.90096000e+03   5.13611111e+01   6.40000000e+01
   1.91552111e+03   7.46496000e+03   1.49246944e+04   2.56640400e+04
   3.95479511e+04   5.69204164e+04]

errorHKL1:[ 0.21649717  0.05989856  0.00373879  0.01449468  0.0222169   0.08000652
  0.14124302  0.10465944  0.12970962  0.39166741  0.22334315  0.07475424
  0.01298284  0.00093301]

errorHKL2:[  1.99477233e+00   1.67696877e+00   1.32748203e+00   9.13534352e-01
   4.66062612e-01   3.01644373e-01   1.63051005e-01   1.76483112e-01
   1.03619670e-01   1.96317876e-01   1.22008575e-01   6.03877564e-02
   7.08662410e-03   2.82197223e-04]

errorHKL6:[  1.13820828e+00   1.10501699e+00   1.06524953e+00   9.65820951e-01
   9.65340623e-01   9.16750260e-01   6.51660540e-01   5.62106350e-01
   4.04203893e-01   1.85024151e-01   9.27086780e-02   1.33799335e-02
   4.61961504e-03   9.47768750e-05]

errorHKL7:[  5.43806905e+00   3.35674363e+00   2.46381606e+00   1.95600312e+00
   1.97400115e+00   1.58637008e+00   1.13452602e+00   1.03012782e+00
   7.06250038e-01   4.20767543e-01   2.53598709e-01   8.64588854e-02
   1.87004026e-02   1.80186636e-04]
errorMacro:[ 21894.13444444  10201.           3616.01777778    428.49          272.25
   2823.15111111   6400.           8010.25        10533.60111111  13876.84
  17831.15111111  25664.04        39547.95111111  56920.4164    ]

errorHKL1:[  2.09896496e+08   1.03116774e+08   5.49242224e+07   3.32460141e+07
   1.41705285e+07   6.57353677e+06   2.91629456e+06   8.72733959e+05
   4.68207220e+03   1.11904729e+00   4.49212167e-01   7.47532563e-02
   1.29828384e-02   9.33011452e-04]

errorHKL2:[  5.93258971e+07   3.18765964e+07   1.84386830e+07   9.78856184e+06
   4.28830261e+06   2.01397652e+06   6.31303118e+05   3.24380384e+05
   1.69614659e+03   9.10820073e-02   5.46271896e-02   6.03873772e-02
   7.08662410e-03   2.82197223e-04]

errorHKL6:[  2.71096263e+05   1.23133577e+05   7.68412599e+04   3.50622618e+04
   1.74401018e+04   6.76523930e+03   2.25187817e+03   6.78310034e+02
   1.95657427e+00   1.63070880e-01   8.02543966e-02   1.33800953e-02
   4.61961504e-03   9.47768750e-05]

errorHKL7:[  1.62597741e+08   7.25125266e+07   4.05579438e+07   1.96065784e+07
   1.03348669e+07   4.64107715e+06   1.37206765e+06   4.46789542e+05
   2.30528221e+03   7.81434156e-01   4.10509401e-01   8.64595776e-02
   1.87004026e-02   1.80186636e-04]
errorMacro:[ 21894.13444444  10201.           3616.01777778    428.49          272.25
   2823.15111111   6400.           8010.25        10533.60111111  13876.84
  17831.15111111  25664.04        39547.95111111  56920.4164    ]

errorHKL1:[  2.09896496e+08   1.03116774e+08   5.49242224e+07   3.32460141e+07
   1.41705285e+07   6.57353677e+06   2.91629456e+06   8.72733959e+05
   4.68207220e+03   1.11904729e+00   4.49212167e-01   7.47532563e-02
   1.29828384e-02   9.33011452e-04]

errorHKL2:[  5.93258971e+07   3.18765964e+07   1.84386830e+07   9.78856184e+06
   4.28830261e+06   2.01397652e+06   6.31303118e+05   3.24380384e+05
   1.69614659e+03   9.10820073e-02   5.46271896e-02   6.03873772e-02
   7.08662410e-03   2.82197223e-04]

errorHKL6:[  2.71096263e+05   1.23133577e+05   7.68412599e+04   3.50622618e+04
   1.74401018e+04   6.76523930e+03   2.25187817e+03   6.78310034e+02
   1.95657427e+00   1.63070880e-01   8.02543966e-02   1.33800953e-02
   4.61961504e-03   9.47768750e-05]

errorHKL7:[  1.62597741e+08   7.25125266e+07   4.05579438e+07   1.96065784e+07
   1.03348669e+07   4.64107715e+06   1.37206765e+06   4.46789542e+05
   2.30528221e+03   7.81434156e-01   4.10509401e-01   8.64595776e-02
   1.87004026e-02   1.80186636e-04]
errorMacro:[  9.30860100e+04   6.36721111e+04   4.15344400e+04   2.27506944e+04
   9.47377778e+03   1.90096000e+03   5.13611111e+01   6.40000000e+01
   1.91552111e+03   7.46496000e+03   1.49246944e+04   2.56640400e+04
   3.95479511e+04   5.69204164e+04]

errorHKL1:[ 0.21522714  0.05995867  0.00379832  0.014494    0.0222169   0.08000652
  0.14124302  0.10465944  0.12970962  0.39166741  0.22334315  0.07475424
  0.01298284  0.00093301]

errorHKL2:[  1.97497983e+00   1.67124820e+00   1.33123628e+00   9.13806287e-01
   4.66063514e-01   3.01644368e-01   1.63051005e-01   1.76483112e-01
   1.03619670e-01   1.96317876e-01   1.22008575e-01   6.03877564e-02
   7.08662410e-03   2.82197223e-04]

errorHKL6:[  1.13254865e+00   1.10193737e+00   1.06909282e+00   9.65743599e-01
   9.65340239e-01   9.16750262e-01   6.51660540e-01   5.62106350e-01
   4.04203893e-01   1.85024151e-01   9.27086780e-02   1.33799335e-02
   4.61961504e-03   9.47768750e-05]

errorHKL7:[  5.50816425e+00   3.37562439e+00   2.47105189e+00   1.95499560e+00
   1.97399672e+00   1.58637010e+00   1.13452602e+00   1.03012782e+00
   7.06250038e-01   4.20767543e-01   2.53598709e-01   8.64588854e-02
   1.87004026e-02   1.80186636e-04]

errorHKL1:[ 216.49717439   59.8985551     3.73878775   14.49468313   22.21690111
   80.00651959  141.24302033  104.65943986  129.70961736  391.66740897
  223.34315349   74.75424391   12.98283835    0.93301145]

errorHKL2:[  1.99477233e+03   1.67696877e+03   1.32748203e+03   9.13534352e+02
   4.66062612e+02   3.01644373e+02   1.63051005e+02   1.76483112e+02
   1.03619670e+02   1.96317876e+02   1.22008575e+02   6.03877564e+01
   7.08662410e+00   2.82197223e-01]

errorHKL6:[  1.13820828e+03   1.10501699e+03   1.06524953e+03   9.65820951e+02
   9.65340623e+02   9.16750260e+02   6.51660540e+02   5.62106350e+02
   4.04203893e+02   1.85024151e+02   9.27086780e+01   1.33799335e+01
   4.61961504e+00   9.47768750e-02]

errorHKL7:[  5.43806905e+03   3.35674363e+03   2.46381606e+03   1.95600312e+03
   1.97400115e+03   1.58637008e+03   1.13452602e+03   1.03012782e+03
   7.06250038e+02   4.20767543e+02   2.53598709e+02   8.64588854e+01
   1.87004026e+01   1.80186636e-01]

errorHKL1:[ 216.49717439   59.8985551     3.73878775   14.49468313   22.21690111
   80.00651959  141.24302033  104.65943986  129.70961736  391.66740897
  223.34315349   74.75424391   12.98283835    0.93301145]

errorHKL2:[  1.99477233e+03   1.67696877e+03   1.32748203e+03   9.13534352e+02
   4.66062612e+02   3.01644373e+02   1.63051005e+02   1.76483112e+02
   1.03619670e+02   1.96317876e+02   1.22008575e+02   6.03877564e+01
   7.08662410e+00   2.82197223e-01]

errorHKL6:[  1.13820828e+03   1.10501699e+03   1.06524953e+03   9.65820951e+02
   9.65340623e+02   9.16750260e+02   6.51660540e+02   5.62106350e+02
   4.04203893e+02   1.85024151e+02   9.27086780e+01   1.33799335e+01
   4.61961504e+00   9.47768750e-02]

errorHKL7:[  5.43806905e+03   3.35674363e+03   2.46381606e+03   1.95600312e+03
   1.97400115e+03   1.58637008e+03   1.13452602e+03   1.03012782e+03
   7.06250038e+02   4.20767543e+02   2.53598709e+02   8.64588854e+01
   1.87004026e+01   1.80186636e-01]

errorHKL1:[ 216.49717439   59.8985551     3.73878775   14.49468313   22.21690111
   80.00651959  141.24302033  104.65943986  129.70961736  391.66740897
  223.34315349   74.75424391   12.98283835    0.93301145]

errorHKL2:[  1.99477233e+03   1.67696877e+03   1.32748203e+03   9.13534352e+02
   4.66062612e+02   3.01644373e+02   1.63051005e+02   1.76483112e+02
   1.03619670e+02   1.96317876e+02   1.22008575e+02   6.03877564e+01
   7.08662410e+00   2.82197223e-01]

errorHKL6:[  1.13820828e+03   1.10501699e+03   1.06524953e+03   9.65820951e+02
   9.65340623e+02   9.16750260e+02   6.51660540e+02   5.62106350e+02
   4.04203893e+02   1.85024151e+02   9.27086780e+01   1.33799335e+01
   4.61961504e+00   9.47768750e-02]

errorHKL7:[  5.43806905e+03   3.35674363e+03   2.46381606e+03   1.95600312e+03
   1.97400115e+03   1.58637008e+03   1.13452602e+03   1.03012782e+03
   7.06250038e+02   4.20767543e+02   2.53598709e+02   8.64588854e+01
   1.87004026e+01   1.80186636e-01]

errorHKL1:[ 216.49717439   59.8985551     3.73878775   14.49468313   22.21690111
   80.00651959  141.24302033  104.65943986  129.70961736  391.66740897
  223.34315349   74.75424391   12.98283835    0.93301145]

errorHKL2:[  1.99477233e+03   1.67696877e+03   1.32748203e+03   9.13534352e+02
   4.66062612e+02   3.01644373e+02   1.63051005e+02   1.76483112e+02
   1.03619670e+02   1.96317876e+02   1.22008575e+02   6.03877564e+01
   7.08662410e+00   2.82197223e-01]

errorHKL6:[  1.13820828e+03   1.10501699e+03   1.06524953e+03   9.65820951e+02
   9.65340623e+02   9.16750260e+02   6.51660540e+02   5.62106350e+02
   4.04203893e+02   1.85024151e+02   9.27086780e+01   1.33799335e+01
   4.61961504e+00   9.47768750e-02]

errorHKL7:[  5.43806905e+03   3.35674363e+03   2.46381606e+03   1.95600312e+03
   1.97400115e+03   1.58637008e+03   1.13452602e+03   1.03012782e+03
   7.06250038e+02   4.20767543e+02   2.53598709e+02   8.64588854e+01
   1.87004026e+01   1.80186636e-01]

errorHKL1:[ 226.16256737   60.35265713    3.73571456   14.50208161   22.21694308
   80.00651907  141.24302032  104.65943986  129.70961736  391.66740897
  223.34315349   74.75424391   12.98283835    0.93301145]

errorHKL2:[  2.00796445e+03   1.68543422e+03   1.32971836e+03   9.13577072e+02
   4.66062754e+02   3.01644372e+02   1.63051005e+02   1.76483112e+02
   1.03619670e+02   1.96317876e+02   1.22008575e+02   6.03877564e+01
   7.08662410e+00   2.82197223e-01]

errorHKL6:[  1.14385927e+03   1.10626827e+03   1.06436327e+03   9.65796534e+02
   9.65340502e+02   9.16750261e+02   6.51660540e+02   5.62106350e+02
   4.04203893e+02   1.85024151e+02   9.27086780e+01   1.33799335e+01
   4.61961504e+00   9.47768750e-02]

errorHKL7:[  5.40932620e+03   3.34692017e+03   2.46106818e+03   1.95594866e+03
   1.97400087e+03   1.58637008e+03   1.13452602e+03   1.03012782e+03
   7.06250038e+02   4.20767543e+02   2.53598709e+02   8.64588854e+01
   1.87004026e+01   1.80186636e-01]

errorHKL1:[ 216.4971789    59.91056749    3.75811728   14.49421127   22.21689843
   80.00651962  141.24302033  104.65943986  129.70961736  391.66740897
  223.34315349   74.75424391   12.98283835    0.93301145]

errorHKL2:[  1.99477233e+03   1.67696877e+03   1.32748203e+03   9.13534352e+02
   4.66062612e+02   3.01644373e+02   1.63051005e+02   1.76483112e+02
   1.03619670e+02   1.96317876e+02   1.22008575e+02   6.03877564e+01
   7.08662410e+00   2.82197223e-01]

errorHKL6:[  1.13820828e+03   1.10501699e+03   1.06524953e+03   9.65820951e+02
   9.65340623e+02   9.16750260e+02   6.51660540e+02   5.62106350e+02
   4.04203893e+02   1.85024151e+02   9.27086780e+01   1.33799335e+01
   4.61961504e+00   9.47768750e-02]

errorHKL7:[  5.43806904e+03   3.35674363e+03   2.46381606e+03   1.95600312e+03
   1.97400115e+03   1.58637008e+03   1.13452602e+03   1.03012782e+03
   7.06250038e+02   4.20767543e+02   2.53598709e+02   8.64588854e+01
   1.87004026e+01   1.80186636e-01]

errorHKL1:[ 216.49717439   59.8985551     3.73878775   14.49468313   22.21690111
   80.00651959  141.24302033  104.65943986  129.70961736  391.66740897
  223.34315349   74.75424391   12.98283835    0.93301145]

errorHKL2:[  1.99477233e+03   1.67696877e+03   1.32748203e+03   9.13534352e+02
   4.66062612e+02   3.01644373e+02   1.63051005e+02   1.76483112e+02
   1.03619670e+02   1.96317876e+02   1.22008575e+02   6.03877564e+01
   7.08662410e+00   2.82197223e-01]

errorHKL6:[  1.13820828e+03   1.10501699e+03   1.06524953e+03   9.65820951e+02
   9.65340623e+02   9.16750260e+02   6.51660540e+02   5.62106350e+02
   4.04203893e+02   1.85024151e+02   9.27086780e+01   1.33799335e+01
   4.61961504e+00   9.47768750e-02]

errorHKL7:[  5.43806905e+03   3.35674363e+03   2.46381606e+03   1.95600312e+03
   1.97400115e+03   1.58637008e+03   1.13452602e+03   1.03012782e+03
   7.06250038e+02   4.20767543e+02   2.53598709e+02   8.64588854e+01
   1.87004026e+01   1.80186636e-01]

errorHKL1:[ 216.49717439   59.8985551     3.73878775   14.49468313   22.21690111
   80.00651959  141.24302033  104.65943986  129.70961736  391.66740897
  223.34315349   74.75424391   12.98283835    0.93301145]

errorHKL2:[  1.99477233e+03   1.67696877e+03   1.32748203e+03   9.13534352e+02
   4.66062612e+02   3.01644373e+02   1.63051005e+02   1.76483112e+02
   1.03619670e+02   1.96317876e+02   1.22008575e+02   6.03877564e+01
   7.08662410e+00   2.82197223e-01]

errorHKL6:[  1.13820828e+03   1.10501699e+03   1.06524953e+03   9.65820951e+02
   9.65340623e+02   9.16750260e+02   6.51660540e+02   5.62106350e+02
   4.04203893e+02   1.85024151e+02   9.27086780e+01   1.33799335e+01
   4.61961504e+00   9.47768750e-02]

errorHKL7:[  5.43806905e+03   3.35674363e+03   2.46381606e+03   1.95600312e+03
   1.97400115e+03   1.58637008e+03   1.13452602e+03   1.03012782e+03
   7.06250038e+02   4.20767543e+02   2.53598709e+02   8.64588854e+01
   1.87004026e+01   1.80186636e-01]

errorHKL1:[ 216.49717439   59.8985551     3.73878775   14.49468313   22.21690111
   80.00651959  141.24302033  104.65943986  129.70961736  391.66740897
  223.34315349   74.75424391   12.98283835    0.93301145]

errorHKL2:[  1.99477233e+03   1.67696877e+03   1.32748203e+03   9.13534352e+02
   4.66062612e+02   3.01644373e+02   1.63051005e+02   1.76483112e+02
   1.03619670e+02   1.96317876e+02   1.22008575e+02   6.03877564e+01
   7.08662410e+00   2.82197223e-01]

errorHKL6:[  1.13820828e+03   1.10501699e+03   1.06524953e+03   9.65820951e+02
   9.65340623e+02   9.16750260e+02   6.51660540e+02   5.62106350e+02
   4.04203893e+02   1.85024151e+02   9.27086780e+01   1.33799335e+01
   4.61961504e+00   9.47768750e-02]

errorHKL7:[  5.43806905e+03   3.35674363e+03   2.46381606e+03   1.95600312e+03
   1.97400115e+03   1.58637008e+03   1.13452602e+03   1.03012782e+03
   7.06250038e+02   4.20767543e+02   2.53598709e+02   8.64588854e+01
   1.87004026e+01   1.80186636e-01]

errorHKL1:[ 216.49717439   59.8985551     3.73878775   14.49468313   22.21690111
   80.00651959  141.24302033  104.65943986  129.70961736  391.66740897
  223.34315349   74.75424391   12.98283835    0.93301145]

errorHKL2:[  1.99477233e+03   1.67696877e+03   1.32748203e+03   9.13534352e+02
   4.66062612e+02   3.01644373e+02   1.63051005e+02   1.76483112e+02
   1.03619670e+02   1.96317876e+02   1.22008575e+02   6.03877564e+01
   7.08662410e+00   2.82197223e-01]

errorHKL6:[  1.13820828e+03   1.10501699e+03   1.06524953e+03   9.65820951e+02
   9.65340623e+02   9.16750260e+02   6.51660540e+02   5.62106350e+02
   4.04203893e+02   1.85024151e+02   9.27086780e+01   1.33799335e+01
   4.61961504e+00   9.47768750e-02]

errorHKL7:[  5.43806905e+03   3.35674363e+03   2.46381606e+03   1.95600312e+03
   1.97400115e+03   1.58637008e+03   1.13452602e+03   1.03012782e+03
   7.06250038e+02   4.20767543e+02   2.53598709e+02   8.64588854e+01
   1.87004026e+01   1.80186636e-01]

errorHKL1:[ 216.49717439   59.8985551     3.73878775   14.49468313   22.21690111
   80.00651959  141.24302033  104.65943986  129.70961736  391.66740897
  223.34315349   74.75424391   12.98283835    0.93301145]

errorHKL2:[  1.99477233e+03   1.67696877e+03   1.32748203e+03   9.13534352e+02
   4.66062612e+02   3.01644373e+02   1.63051005e+02   1.76483112e+02
   1.03619670e+02   1.96317876e+02   1.22008575e+02   6.03877564e+01
   7.08662410e+00   2.82197223e-01]

errorHKL6:[  1.13820828e+03   1.10501699e+03   1.06524953e+03   9.65820951e+02
   9.65340623e+02   9.16750260e+02   6.51660540e+02   5.62106350e+02
   4.04203893e+02   1.85024151e+02   9.27086780e+01   1.33799335e+01
   4.61961504e+00   9.47768750e-02]

errorHKL7:[  5.43806905e+03   3.35674363e+03   2.46381606e+03   1.95600312e+03
   1.97400115e+03   1.58637008e+03   1.13452602e+03   1.03012782e+03
   7.06250038e+02   4.20767543e+02   2.53598709e+02   8.64588854e+01
   1.87004026e+01   1.80186636e-01]
errorMacro:[  9.47818844e+04   6.45160000e+04   4.19840100e+04   2.29017778e+04
   9.48676000e+03   1.90096000e+03   5.13611111e+01   6.40000000e+01
   1.91552111e+03   7.46496000e+03   1.49246944e+04   2.56640400e+04
   3.95479511e+04   5.69204164e+04]

errorHKL1:[ 216.49717439   59.8985551     3.73878775   14.49468313   22.21690111
   80.00651959  141.24302033  104.65943986  129.70961736  391.66740897
  223.34315349   74.75424391   12.98283835    0.93301145]

errorHKL2:[  1.99477233e+03   1.67696877e+03   1.32748203e+03   9.13534352e+02
   4.66062612e+02   3.01644373e+02   1.63051005e+02   1.76483112e+02
   1.03619670e+02   1.96317876e+02   1.22008575e+02   6.03877564e+01
   7.08662410e+00   2.82197223e-01]

errorHKL6:[  1.13820828e+03   1.10501699e+03   1.06524953e+03   9.65820951e+02
   9.65340623e+02   9.16750260e+02   6.51660540e+02   5.62106350e+02
   4.04203893e+02   1.85024151e+02   9.27086780e+01   1.33799335e+01
   4.61961504e+00   9.47768750e-02]

errorHKL7:[  5.43806905e+03   3.35674363e+03   2.46381606e+03   1.95600312e+03
   1.97400115e+03   1.58637008e+03   1.13452602e+03   1.03012782e+03
   7.06250038e+02   4.20767543e+02   2.53598709e+02   8.64588854e+01
   1.87004026e+01   1.80186636e-01]
errorMacro:[  9.47818844e+04   6.45160000e+04   4.19840100e+04   2.29017778e+04
   9.48676000e+03   1.90096000e+03   5.13611111e+01   6.40000000e+01
   1.91552111e+03   7.46496000e+03   1.49246944e+04   2.56640400e+04
   3.95479511e+04   5.69204164e+04]

errorHKL1:[ 216.49717439   59.8985551     3.73878775   14.49468313   22.21690111
   80.00651959  141.24302033  104.65943986  129.70961736  391.66740897
  223.34315349   74.75424391   12.98283835    0.93301145]

errorHKL2:[  1.99477233e+03   1.67696877e+03   1.32748203e+03   9.13534352e+02
   4.66062612e+02   3.01644373e+02   1.63051005e+02   1.76483112e+02
   1.03619670e+02   1.96317876e+02   1.22008575e+02   6.03877564e+01
   7.08662410e+00   2.82197223e-01]

errorHKL6:[  1.13820828e+03   1.10501699e+03   1.06524953e+03   9.65820951e+02
   9.65340623e+02   9.16750260e+02   6.51660540e+02   5.62106350e+02
   4.04203893e+02   1.85024151e+02   9.27086780e+01   1.33799335e+01
   4.61961504e+00   9.47768750e-02]

errorHKL7:[  5.43806905e+03   3.35674363e+03   2.46381606e+03   1.95600312e+03
   1.97400115e+03   1.58637008e+03   1.13452602e+03   1.03012782e+03
   7.06250038e+02   4.20767543e+02   2.53598709e+02   8.64588854e+01
   1.87004026e+01   1.80186636e-01]
errorMacro:[  9.47818844e+04   6.45160000e+04   4.19840100e+04   2.29017778e+04
   9.48676000e+03   1.90096000e+03   5.13611111e+01   6.40000000e+01
   1.91552111e+03   7.46496000e+03   1.49246944e+04   2.56640400e+04
   3.95479511e+04   5.69204164e+04]

errorHKL1:[ 216.49717439   59.8985551     3.73878775   14.49468313   22.21690111
   80.00651959  141.24302033  104.65943986  129.70961736  391.66740897
  223.34315349   74.75424391   12.98283835    0.93301145]

errorHKL2:[  1.99477233e+03   1.67696877e+03   1.32748203e+03   9.13534352e+02
   4.66062612e+02   3.01644373e+02   1.63051005e+02   1.76483112e+02
   1.03619670e+02   1.96317876e+02   1.22008575e+02   6.03877564e+01
   7.08662410e+00   2.82197223e-01]

errorHKL6:[  1.13820828e+03   1.10501699e+03   1.06524953e+03   9.65820951e+02
   9.65340623e+02   9.16750260e+02   6.51660540e+02   5.62106350e+02
   4.04203893e+02   1.85024151e+02   9.27086780e+01   1.33799335e+01
   4.61961504e+00   9.47768750e-02]

errorHKL7:[  5.43806905e+03   3.35674363e+03   2.46381606e+03   1.95600312e+03
   1.97400115e+03   1.58637008e+03   1.13452602e+03   1.03012782e+03
   7.06250038e+02   4.20767543e+02   2.53598709e+02   8.64588854e+01
   1.87004026e+01   1.80186636e-01]
errorMacro:[  9.47818844e+04   6.45160000e+04   4.19840100e+04   2.29017778e+04
   9.48676000e+03   1.90096000e+03   5.13611111e+01   6.40000000e+01
   1.91552111e+03   7.46496000e+03   1.49246944e+04   2.56640400e+04
   3.95479511e+04   5.69204164e+04]

errorHKL1:[ 216.49717439   59.8985551     3.73878775   14.49468313   22.21690111
   80.00651959  141.24302033  104.65943986  129.70961736  391.66740897
  223.34315349   74.75424391   12.98283835    0.93301145]

errorHKL2:[  1.99477233e+03   1.67696877e+03   1.32748203e+03   9.13534352e+02
   4.66062612e+02   3.01644373e+02   1.63051005e+02   1.76483112e+02
   1.03619670e+02   1.96317876e+02   1.22008575e+02   6.03877564e+01
   7.08662410e+00   2.82197223e-01]

errorHKL6:[  1.13820828e+03   1.10501699e+03   1.06524953e+03   9.65820951e+02
   9.65340623e+02   9.16750260e+02   6.51660540e+02   5.62106350e+02
   4.04203893e+02   1.85024151e+02   9.27086780e+01   1.33799335e+01
   4.61961504e+00   9.47768750e-02]

errorHKL7:[  5.43806905e+03   3.35674363e+03   2.46381606e+03   1.95600312e+03
   1.97400115e+03   1.58637008e+03   1.13452602e+03   1.03012782e+03
   7.06250038e+02   4.20767543e+02   2.53598709e+02   8.64588854e+01
   1.87004026e+01   1.80186636e-01]
errorMacro:[  9.52339600e+04   6.48211600e+04   4.21891600e+04   2.29724544e+04
   9.49325444e+03   1.90096000e+03   5.13611111e+01   6.40000000e+01
   1.91552111e+03   7.46496000e+03   1.49246944e+04   2.56640400e+04
   3.95479511e+04   5.69204164e+04]

errorHKL1:[ 226.16256737   60.35265713    3.73571456   14.50208161   22.21694308
   80.00651907  141.24302032  104.65943986  129.70961736  391.66740897
  223.34315349   74.75424391   12.98283835    0.93301145]

errorHKL2:[  2.00796445e+03   1.68543422e+03   1.32971836e+03   9.13577072e+02
   4.66062754e+02   3.01644372e+02   1.63051005e+02   1.76483112e+02
   1.03619670e+02   1.96317876e+02   1.22008575e+02   6.03877564e+01
   7.08662410e+00   2.82197223e-01]

errorHKL6:[  1.14385927e+03   1.10626827e+03   1.06436327e+03   9.65796534e+02
   9.65340502e+02   9.16750261e+02   6.51660540e+02   5.62106350e+02
   4.04203893e+02   1.85024151e+02   9.27086780e+01   1.33799335e+01
   4.61961504e+00   9.47768750e-02]

errorHKL7:[  5.40932620e+03   3.34692017e+03   2.46106818e+03   1.95594866e+03
   1.97400087e+03   1.58637008e+03   1.13452602e+03   1.03012782e+03
   7.06250038e+02   4.20767543e+02   2.53598709e+02   8.64588854e+01
   1.87004026e+01   1.80186636e-01]
errorMacro:[  9.48024100e+04   6.45160000e+04   4.19840100e+04   2.29017778e+04
   9.48676000e+03   1.90096000e+03   5.13611111e+01   6.40000000e+01
   1.91552111e+03   7.46496000e+03   1.49246944e+04   2.56640400e+04
   3.95479511e+04   5.69204164e+04]

errorHKL1:[ 216.4971789    59.91056749    3.75811728   14.49421127   22.21689843
   80.00651962  141.24302033  104.65943986  129.70961736  391.66740897
  223.34315349   74.75424391   12.98283835    0.93301145]

errorHKL2:[  1.99477233e+03   1.67696877e+03   1.32748203e+03   9.13534352e+02
   4.66062612e+02   3.01644373e+02   1.63051005e+02   1.76483112e+02
   1.03619670e+02   1.96317876e+02   1.22008575e+02   6.03877564e+01
   7.08662410e+00   2.82197223e-01]

errorHKL6:[  1.13820828e+03   1.10501699e+03   1.06524953e+03   9.65820951e+02
   9.65340623e+02   9.16750260e+02   6.51660540e+02   5.62106350e+02
   4.04203893e+02   1.85024151e+02   9.27086780e+01   1.33799335e+01
   4.61961504e+00   9.47768750e-02]

errorHKL7:[  5.43806904e+03   3.35674363e+03   2.46381606e+03   1.95600312e+03
   1.97400115e+03   1.58637008e+03   1.13452602e+03   1.03012782e+03
   7.06250038e+02   4.20767543e+02   2.53598709e+02   8.64588854e+01
   1.87004026e+01   1.80186636e-01]
errorMacro:[  9.47818844e+04   6.45160000e+04   4.19840100e+04   2.29017778e+04
   9.48676000e+03   1.90096000e+03   5.13611111e+01   6.40000000e+01
   1.91552111e+03   7.46496000e+03   1.49246944e+04   2.56640400e+04
   3.95479511e+04   5.69204164e+04]

errorHKL1:[ 216.49717439   59.8985551     3.73878775   14.49468313   22.21690111
   80.00651959  141.24302033  104.65943986  129.70961736  391.66740897
  223.34315349   74.75424391   12.98283835    0.93301145]

errorHKL2:[  1.99477233e+03   1.67696877e+03   1.32748203e+03   9.13534352e+02
   4.66062612e+02   3.01644373e+02   1.63051005e+02   1.76483112e+02
   1.03619670e+02   1.96317876e+02   1.22008575e+02   6.03877564e+01
   7.08662410e+00   2.82197223e-01]

errorHKL6:[  1.13820828e+03   1.10501699e+03   1.06524953e+03   9.65820951e+02
   9.65340623e+02   9.16750260e+02   6.51660540e+02   5.62106350e+02
   4.04203893e+02   1.85024151e+02   9.27086780e+01   1.33799335e+01
   4.61961504e+00   9.47768750e-02]

errorHKL7:[  5.43806905e+03   3.35674363e+03   2.46381606e+03   1.95600312e+03
   1.97400115e+03   1.58637008e+03   1.13452602e+03   1.03012782e+03
   7.06250038e+02   4.20767543e+02   2.53598709e+02   8.64588854e+01
   1.87004026e+01   1.80186636e-01]
errorMacro:[  1.84325878e+04   7.63876000e+03   2.10375111e+03   3.48100000e+01
   9.96454444e+02   4.67400111e+03   9.08844444e+03   1.09900278e+04
   1.39397378e+04   1.76712711e+04   2.16580278e+04   2.71590400e+04
   3.95479511e+04   5.69204164e+04]

errorHKL1:[  2.13767888e+02   3.83342350e+02   5.00425090e+02   8.14739434e+02
   7.12949427e+02   9.13566315e+02   1.10412911e+03   8.52695583e+02
   7.70521066e+02   1.15070722e+03   6.38018783e+02   8.52528258e+01
   1.29828384e+01   9.33011452e-01]

errorHKL2:[  1.73982477e+09   1.00269906e+09   6.13010989e+08   3.53074442e+08
   1.70886296e+08   9.09653105e+07   3.35373060e+07   2.14321364e+07
   5.58409480e+05   9.05051601e+01   5.99593446e+01   4.66255883e+01
   7.08662409e+00   2.82197223e-01]

errorHKL6:[  1.24149647e+11   6.06032159e+10   4.00345748e+10   1.98890060e+10
   1.09864814e+10   4.87460554e+09   1.93004165e+09   7.40299939e+08
   2.07873509e+07   1.69880201e+02   8.25328432e+01   1.21643105e+01
   4.61961504e+00   9.47768750e-02]

errorHKL7:[  4.16135892e+05   2.11455870e+05   1.31580477e+05   7.59278173e+04
   5.09542160e+04   3.03189051e+04   1.37528658e+04   8.06714819e+03
   2.00453296e+03   8.46311361e+02   4.33474640e+02   1.03517246e+02
   1.87004027e+01   1.80186636e-01]
errorMacro:[  1.84325878e+04   7.63876000e+03   2.10375111e+03   3.48100000e+01
   9.96454444e+02   4.67400111e+03   9.08844444e+03   1.09900278e+04
   1.39397378e+04   1.76712711e+04   2.16580278e+04   2.71590400e+04
   3.95479511e+04   5.69204164e+04]

errorHKL1:[  2.13767888e+02   3.83342350e+02   5.00425090e+02   8.14739434e+02
   7.12949427e+02   9.13566315e+02   1.10412911e+03   8.52695583e+02
   7.70521066e+02   1.15070722e+03   6.38018783e+02   8.52528258e+01
   1.29828384e+01   9.33011452e-01]

errorHKL2:[  1.73982477e+09   1.00269906e+09   6.13010989e+08   3.53074442e+08
   1.70886296e+08   9.09653105e+07   3.35373060e+07   2.14321364e+07
   5.58409480e+05   9.05051601e+01   5.99593446e+01   4.66255883e+01
   7.08662409e+00   2.82197223e-01]

errorHKL6:[  1.24149647e+11   6.06032159e+10   4.00345748e+10   1.98890060e+10
   1.09864814e+10   4.87460554e+09   1.93004165e+09   7.40299939e+08
   2.07873509e+07   1.69880201e+02   8.25328432e+01   1.21643105e+01
   4.61961504e+00   9.47768750e-02]

errorHKL7:[  4.16135892e+05   2.11455870e+05   1.31580477e+05   7.59278173e+04
   5.09542160e+04   3.03189051e+04   1.37528658e+04   8.06714819e+03
   2.00453296e+03   8.46311361e+02   4.33474640e+02   1.03517246e+02
   1.87004027e+01   1.80186636e-01]
errorMacro:[  9.29233611e+04   6.35880278e+04   4.14801111e+04   2.27406400e+04
   9.47377778e+03   1.90096000e+03   5.13611111e+01   6.40000000e+01
   1.91552111e+03   7.46496000e+03   1.49246944e+04   2.56640400e+04
   3.95479511e+04   5.69204164e+04]

errorHKL1:[ 212.22459085   60.65192722    3.84122735   14.49317577   22.21689256
   80.00651969  141.24302033  104.65943986  129.70961736  391.66740897
  223.34315349   74.75424391   12.98283835    0.93301145]

errorHKL2:[  1.97622851e+03   1.66920834e+03   1.33075440e+03   9.13802619e+02
   4.66063502e+02   3.01644368e+02   1.63051005e+02   1.76483112e+02
   1.03619670e+02   1.96317876e+02   1.22008575e+02   6.03877564e+01
   7.08662410e+00   2.82197223e-01]

errorHKL6:[  1.13111710e+03   1.10310946e+03   1.06945130e+03   9.65746504e+02
   9.65340253e+02   9.16750262e+02   6.51660540e+02   5.62106350e+02
   4.04203893e+02   1.85024151e+02   9.27086780e+01   1.33799335e+01
   4.61961504e+00   9.47768750e-02]

errorHKL7:[  5.51529316e+03   3.37919519e+03   2.47179011e+03   1.95500136e+03
   1.97399674e+03   1.58637010e+03   1.13452602e+03   1.03012782e+03
   7.06250038e+02   4.20767543e+02   2.53598709e+02   8.64588854e+01
   1.87004026e+01   1.80186636e-01]
