tauZero1P tauOne1P
Error:
1 [ 83.86666667  78.94140052  73.69762889  68.12626169  62.04419509
  55.38923221  47.55962381  37.22534463  17.34093507   2.38354747
   1.8352892    1.23150874   0.63050931   0.        ]
2 [-1.36666667 -0.64805601  0.05474103  0.48117738  0.66670267  0.63311574
  0.10759844 -0.80879176 -3.5934837   1.99713255  1.83529125  1.23150874
  0.63050931  0.        ]
3 [ 83.86666667  78.94140052  73.69762889  68.12626169  62.04419509
  55.38923221  47.55962381  37.22534463  17.34093507   2.38354747
   1.8352892    1.23150874   0.63050931   0.        ]
4 [ 91.86666667  86.82610584  81.4745732   75.72520788  69.35197028
  62.28750007  53.80968197  41.86509454  18.31347027   2.38353604
   1.8352892    1.23150874   0.63050931   0.        ]
5 [ 83.86666667  78.93607967  73.73567995  68.12616862  62.04524639
  55.38075922  47.55962779  37.22534463  17.34093507   2.38354747
   1.8352892    1.23150874   0.63050931   0.        ]
6 [-32.53333333 -31.60452617 -30.58544015 -29.67906334 -28.78511109
 -27.86654232 -26.99499091 -25.5680681  -23.8315456   -6.4737502
   1.83559713   1.23150878   0.63050931   0.        ]
7 [-25.93333333 -25.03137592 -24.08650319 -23.24465881 -22.4785463
 -21.78497947 -21.17059696 -20.15964744 -19.26951147  -3.67978889
   1.83517279   1.23150872   0.63050931   0.        ]
8 [-32.53333333 -31.60452617 -30.58544015 -29.67906334 -28.78511109
 -27.86654232 -26.99499091 -25.5680681  -23.8315456   -6.4737502
   1.83559713   1.23150878   0.63050931   0.        ]
9 [-1.53333333 -0.81504308 -0.09588873  0.35178088  0.53613582  0.53335299
  0.04030726 -0.80742149 -3.68548209  1.97789653  1.83529131  1.23150874
  0.63050931  0.        ]
10 [ 5.93333333  6.58288471  7.22443215  7.48070387  7.50399777  7.22081422
  6.33064907  4.81201281  0.56054421  2.42173862  1.83528859  1.23150874
  0.63050931  0.        ]
11 [-1.53333333 -0.81504308 -0.09588873  0.35178088  0.53613582  0.53335299
  0.04030726 -0.80742149 -3.68548209  1.97789653  1.83529131  1.23150874
  0.63050931  0.        ]
12 [-1.36666667 -0.64805601  0.05474103  0.48117738  0.66670267  0.63311574
  0.10759844 -0.80879176 -3.5934837   1.99713255  1.83529125  1.23150874
  0.63050931  0.        ]
Final result:
